1000
10000
3000
3000
5000
3000
10000
3000
3000
6400
3000
10000
5200
8800
11000
2400
4900
3900
6800
7400
4300
6600
5900
2100
2200
4300
9400
10000
11000
11000
7400
3700
6700
3500
3800
11000
7600
8200
9000
11000
10000
5800
3300
2300
9600
6600
7100
9700
10000
8800
7500
9600
4600
4700
2000
4800
10000
11000
9500
1000
4300
5000
4100
3800
2200
2100
11000
10000
11000
4600
9400
5800
7800
8700
6300
7300
7000
3100
6300
5500
11000
4600
6000
11000
10000
3800
6900
9300
5900
8300
8900
4400
6600
3300
7500
3500
8100
4000
4900
8500
